15021
0 2 4 6 8 10 12 14 16 18 20 22 24 26 28 30 32 34 36 38 40 42 44 46 48 50 52 54 56 58 60 62 64 66 67 68 65 69 63 70 61 71 59 72 57 73 55 74 53 75 51 76 49 77 47 78 45 79 43 80 41 81 39 82 37 83 35 84 33 85 31 86 29 87 27 88 25 89 23 90 21 91 19 92 17 93 15 94 13 95 11 96 9 97 7 98 5 99 3 100 14035
0 2 4 6 8 10 12 14 16 18 20 22 24 26 28 30 32 34 36 38 40 42 44 46 48 50 52 54 56 58 60 62 64 66 67 68 65 69 63 70 61 71 59 72 57 73 55 74 53 75 51 76 49 77 47 78 45 79 43 80 41 81 39 82 37 83 35 84 33 85 31 86 29 87 27 88 25 89 23 90 21 91 19 92 17 93 15 94 13 95 11 96 9 97 7 98 5 99 3 100 14683
0 2 4 6 8 10 12 14 16 18 20 22 24 26 28 30 32 34 36 38 40 42 44 46 48 50 52 54 56 58 60 62 64 66 67 68 65 69 63 70 61 71 59 72 57 73 55 74 53 75 51 76 49 77 47 78 45 79 43 80 41 81 39 82 37 83 35 84 33 85 31 86 29 87 27 88 25 89 23 90 21 91 19 92 17 93 15 94 13 95 11 96 9 97 7 98 5 99 3 100 14135
0 2 4 6 8 10 12 14 16 18 20 22 24 26 28 30 32 34 36 38 40 42 44 46 48 50 52 54 56 58 60 62 64 66 67 68 65 69 63 70 61 71 59 72 57 73 55 74 53 75 51 76 49 77 47 78 45 79 43 80 41 81 39 82 37 83 35 84 33 85 31 86 29 87 27 88 25 89 23 90 21 91 19 92 17 93 15 94 13 95 11 96 9 97 7 98 5 99 3 100 10894
0 2 4 6 8 10 12 14 16 18 20 22 24 26 28 30 32 34 36 38 40 42 44 46 48 50 52 54 56 58 60 62 64 66 67 68 65 69 63 70 61 71 59 72 57 73 55 74 53 75 51 76 49 77 47 78 45 79 43 80 41 81 39 82 37 83 35 84 33 85 31 86 29 87 27 88 25 89 23 90 21 91 19 92 17 93 15 94 13 95 11 96 9 97 7 98 5 99 3 100 14487
0 2 4 6 8 10 12 14 16 18 20 22 24 26 28 30 32 34 36 38 40 42 44 46 48 50 52 54 56 58 60 62 64 66 67 68 65 69 63 70 61 71 59 72 57 73 55 74 53 75 51 76 49 77 47 78 45 79 43 80 41 81 39 82 37 83 35 84 33 85 31 86 29 87 27 88 25 89 23 90 21 91 19 92 17 93 15 94 13 95 11 96 9 97 7 98 5 99 3 100 15116
0 2 4 6 8 10 12 14 16 18 20 22 24 26 28 30 32 34 36 38 40 42 44 46 48 50 52 54 56 58 60 62 64 66 67 68 65 69 63 70 61 71 59 72 57 73 55 74 53 75 51 76 49 77 47 78 45 79 43 80 41 81 39 82 37 83 35 84 33 85 31 86 29 87 27 88 25 89 23 90 21 91 19 92 17 93 15 94 13 95 11 96 9 97 7 98 5 99 3 100 15073
0 2 4 6 8 10 12 14 16 18 20 22 24 26 28 30 32 34 36 38 40 42 44 46 48 50 52 54 56 58 60 62 64 66 67 68 65 69 63 70 61 71 59 72 57 73 55 74 53 75 51 76 49 77 47 78 45 79 43 80 41 81 39 82 37 83 35 84 33 85 31 86 29 87 27 88 25 89 23 90 21 91 19 92 17 93 15 94 13 95 11 96 9 97 7 98 5 99 3 100 15180
0 2 4 6 8 10 12 14 16 18 20 22 24 26 28 30 32 34 36 38 40 42 44 46 48 50 52 54 56 58 60 62 64 66 67 68 65 69 63 70 61 71 59 72 57 73 55 74 53 75 51 76 49 77 47 78 45 79 43 80 41 81 39 82 37 83 35 84 33 85 31 86 29 87 27 88 25 89 23 90 21 91 19 92 17 93 15 94 13 95 11 96 9 97 7 98 5 99 3 100 15921
0 2 4 6 8 10 12 14 16 18 20 22 24 26 28 30 32 34 36 38 40 42 44 46 48 50 52 54 56 58 60 62 64 66 67 68 65 69 63 70 61 71 59 72 57 73 55 74 53 75 51 76 49 77 47 78 45 79 43 80 41 81 39 82 37 83 35 84 33 85 31 86 29 87 27 88 25 89 23 90 21 91 19 92 17 93 15 94 13 95 11 96 9 97 7 98 5 99 3 100 15658
0 2 4 6 8 10 12 14 16 18 20 22 24 26 28 30 32 34 36 38 40 42 44 46 48 50 52 54 56 58 60 62 64 66 67 68 65 69 63 70 61 71 59 72 57 73 55 74 53 75 51 76 49 77 47 78 45 79 43 80 41 81 39 82 37 83 35 84 33 85 31 86 29 87 27 88 25 89 23 90 21 91 19 92 17 93 15 94 13 95 11 96 9 97 7 98 5 99 3 100 14869
0 2 4 6 8 10 12 14 16 18 20 22 24 26 28 30 32 34 36 38 40 42 44 46 48 50 52 54 56 58 60 62 64 66 67 68 65 69 63 70 61 71 59 72 57 73 55 74 53 75 51 76 49 77 47 78 45 79 43 80 41 81 39 82 37 83 35 84 33 85 31 86 29 87 27 88 25 89 23 90 21 91 19 92 17 93 15 94 13 95 11 96 9 97 7 98 5 99 3 100 15112
0 2 4 6 8 10 12 14 16 18 20 22 24 26 28 30 32 34 36 38 40 42 44 46 48 50 52 54 56 58 60 62 64 66 67 68 65 69 63 70 61 71 59 72 57 73 55 74 53 75 51 76 49 77 47 78 45 79 43 80 41 81 39 82 37 83 35 84 33 85 31 86 29 87 27 88 25 89 23 90 21 91 19 92 17 93 15 94 13 95 11 96 9 97 7 98 5 99 3 100 10780
0 2 4 6 8 10 12 14 16 18 20 22 24 26 28 30 32 34 36 38 40 42 44 46 48 50 52 54 56 58 60 62 64 66 67 68 65 69 63 70 61 71 59 72 57 73 55 74 53 75 51 76 49 77 47 78 45 79 43 80 41 81 39 82 37 83 35 84 33 85 31 86 29 87 27 88 25 89 23 90 21 91 19 92 17 93 15 94 13 95 11 96 9 97 7 98 5 99 3 100 10999
0 2 4 6 8 10 12 14 16 18 20 22 24 26 28 30 32 34 36 38 40 42 44 46 48 50 52 54 56 58 60 62 64 66 67 68 65 69 63 70 61 71 59 72 57 73 55 74 53 75 51 76 49 77 47 78 45 79 43 80 41 81 39 82 37 83 35 84 33 85 31 86 29 87 27 88 25 89 23 90 21 91 19 92 17 93 15 94 13 95 11 96 9 97 7 98 5 99 3 100 10833
0 2 4 6 8 10 12 14 16 18 20 22 24 26 28 30 32 34 36 38 40 42 44 46 48 50 52 54 56 58 60 62 64 66 67 68 65 69 63 70 61 71 59 72 57 73 55 74 53 75 51 76 49 77 47 78 45 79 43 80 41 81 39 82 37 83 35 84 33 85 31 86 29 87 27 88 25 89 23 90 21 91 19 92 17 93 15 94 13 95 11 96 9 97 7 98 5 99 3 100 15033
0 2 4 6 8 10 12 14 16 18 20 22 24 26 28 30 32 34 36 38 40 42 44 46 48 50 52 54 56 58 60 62 64 66 67 68 65 69 63 70 61 71 59 72 57 73 55 74 53 75 51 76 49 77 47 78 45 79 43 80 41 81 39 82 37 83 35 84 33 85 31 86 29 87 27 88 25 89 23 90 21 91 19 92 17 93 15 94 13 95 11 96 9 97 7 98 5 99 3 100 10914
0 2 4 6 8 10 12 14 16 18 20 22 24 26 28 30 32 34 36 38 40 42 44 46 48 50 52 54 56 58 60 62 64 66 67 68 65 69 63 70 61 71 59 72 57 73 55 74 53 75 51 76 49 77 47 78 45 79 43 80 41 81 39 82 37 83 35 84 33 85 31 86 29 87 27 88 25 89 23 90 21 91 19 92 17 93 15 94 13 95 11 96 9 97 7 98 5 99 3 100 11457
0 2 4 6 8 10 12 14 16 18 20 22 24 26 28 30 32 34 36 38 40 42 44 46 48 50 52 54 56 58 60 62 64 66 67 68 65 69 63 70 61 71 59 72 57 73 55 74 53 75 51 76 49 77 47 78 45 79 43 80 41 81 39 82 37 83 35 84 33 85 31 86 29 87 27 88 25 89 23 90 21 91 19 92 17 93 15 94 13 95 11 96 9 97 7 98 5 99 3 100 12965
0 2 4 6 8 10 12 14 16 18 20 22 24 26 28 30 32 34 36 38 40 42 44 46 48 50 52 54 56 58 60 62 64 66 67 68 65 69 63 70 61 71 59 72 57 73 55 74 53 75 51 76 49 77 47 78 45 79 43 80 41 81 39 82 37 83 35 84 33 85 31 86 29 87 27 88 25 89 23 90 21 91 19 92 17 93 15 94 13 95 11 96 9 97 7 98 5 99 3 100 11045
0 2 4 6 8 10 12 14 16 18 20 22 24 26 28 30 32 34 36 38 40 42 44 46 48 50 52 54 56 58 60 62 64 66 67 68 65 69 63 70 61 71 59 72 57 73 55 74 53 75 51 76 49 77 47 78 45 79 43 80 41 81 39 82 37 83 35 84 33 85 31 86 29 87 27 88 25 89 23 90 21 91 19 92 17 93 15 94 13 95 11 96 9 97 7 98 5 99 3 100 10972
0 2 4 6 8 10 12 14 16 18 20 22 24 26 28 30 32 34 36 38 40 42 44 46 48 50 52 54 56 58 60 62 64 66 67 68 65 69 63 70 61 71 59 72 57 73 55 74 53 75 51 76 49 77 47 78 45 79 43 80 41 81 39 82 37 83 35 84 33 85 31 86 29 87 27 88 25 89 23 90 21 91 19 92 17 93 15 94 13 95 11 96 9 97 7 98 5 99 3 100 10765
0 2 4 6 8 10 12 14 16 18 20 22 24 26 28 30 32 34 36 38 40 42 44 46 48 50 52 54 56 58 60 62 64 66 67 68 65 69 63 70 61 71 59 72 57 73 55 74 53 75 51 76 49 77 47 78 45 79 43 80 41 81 39 82 37 83 35 84 33 85 31 86 29 87 27 88 25 89 23 90 21 91 19 92 17 93 15 94 13 95 11 96 9 97 7 98 5 99 3 100 10913
0 2 4 6 8 10 12 14 16 18 20 22 24 26 28 30 32 34 36 38 40 42 44 46 48 50 52 54 56 58 60 62 64 66 67 68 65 69 63 70 61 71 59 72 57 73 55 74 53 75 51 76 49 77 47 78 45 79 43 80 41 81 39 82 37 83 35 84 33 85 31 86 29 87 27 88 25 89 23 90 21 91 19 92 17 93 15 94 13 95 11 96 9 97 7 98 5 99 3 100 15398
0 2 4 6 8 10 12 14 16 18 20 22 24 26 28 30 32 34 36 38 40 42 44 46 48 50 52 54 56 58 60 62 64 66 67 68 65 69 63 70 61 71 59 72 57 73 55 74 53 75 51 76 49 77 47 78 45 79 43 80 41 81 39 82 37 83 35 84 33 85 31 86 29 87 27 88 25 89 23 90 21 91 19 92 17 93 15 94 13 95 11 96 9 97 7 98 5 99 3 100 12138
0 2 4 6 8 10 12 14 16 18 20 22 24 26 28 30 32 34 36 38 40 42 44 46 48 50 52 54 56 58 60 62 64 66 67 68 65 69 63 70 61 71 59 72 57 73 55 74 53 75 51 76 49 77 47 78 45 79 43 80 41 81 39 82 37 83 35 84 33 85 31 86 29 87 27 88 25 89 23 90 21 91 19 92 17 93 15 94 13 95 11 96 9 97 7 98 5 99 3 100 12332
0 2 4 6 8 10 12 14 16 18 20 22 24 26 28 30 32 34 36 38 40 42 44 46 48 50 52 54 56 58 60 62 64 66 67 68 65 69 63 70 61 71 59 72 57 73 55 74 53 75 51 76 49 77 47 78 45 79 43 80 41 81 39 82 37 83 35 84 33 85 31 86 29 87 27 88 25 89 23 90 21 91 19 92 17 93 15 94 13 95 11 96 9 97 7 98 5 99 3 100 16560
0 2 4 6 8 10 12 14 16 18 20 22 24 26 28 30 32 34 36 38 40 42 44 46 48 50 52 54 56 58 60 62 64 66 67 68 65 69 63 70 61 71 59 72 57 73 55 74 53 75 51 76 49 77 47 78 45 79 43 80 41 81 39 82 37 83 35 84 33 85 31 86 29 87 27 88 25 89 23 90 21 91 19 92 17 93 15 94 13 95 11 96 9 97 7 98 5 99 3 100 21932
0 2 4 6 8 10 12 14 16 18 20 22 24 26 28 30 32 34 36 38 40 42 44 46 48 50 52 54 56 58 60 62 64 66 67 68 65 69 63 70 61 71 59 72 57 73 55 74 53 75 51 76 49 77 47 78 45 79 43 80 41 81 39 82 37 83 35 84 33 85 31 86 29 87 27 88 25 89 23 90 21 91 19 92 17 93 15 94 13 95 11 96 9 97 7 98 5 99 3 100 15376
0 2 4 6 8 10 12 14 16 18 20 22 24 26 28 30 32 34 36 38 40 42 44 46 48 50 52 54 56 58 60 62 64 66 67 68 65 69 63 70 61 71 59 72 57 73 55 74 53 75 51 76 49 77 47 78 45 79 43 80 41 81 39 82 37 83 35 84 33 85 31 86 29 87 27 88 25 89 23 90 21 91 19 92 17 93 15 94 13 95 11 96 9 97 7 98 5 99 3 100 14934
0 2 4 6 8 10 12 14 16 18 20 22 24 26 28 30 32 34 36 38 40 42 44 46 48 50 52 54 56 58 60 62 64 66 67 68 65 69 63 70 61 71 59 72 57 73 55 74 53 75 51 76 49 77 47 78 45 79 43 80 41 81 39 82 37 83 35 84 33 85 31 86 29 87 27 88 25 89 23 90 21 91 19 92 17 93 15 94 13 95 11 96 9 97 7 98 5 99 3 100 14466
0 2 4 6 8 10 12 14 16 18 20 22 24 26 28 30 32 34 36 38 40 42 44 46 48 50 52 54 56 58 60 62 64 66 67 68 65 69 63 70 61 71 59 72 57 73 55 74 53 75 51 76 49 77 47 78 45 79 43 80 41 81 39 82 37 83 35 84 33 85 31 86 29 87 27 88 25 89 23 90 21 91 19 92 17 93 15 94 13 95 11 96 9 97 7 98 5 99 3 100 10745
0 2 4 6 8 10 12 14 16 18 20 22 24 26 28 30 32 34 36 38 40 42 44 46 48 50 52 54 56 58 60 62 64 66 67 68 65 69 63 70 61 71 59 72 57 73 55 74 53 75 51 76 49 77 47 78 45 79 43 80 41 81 39 82 37 83 35 84 33 85 31 86 29 87 27 88 25 89 23 90 21 91 19 92 17 93 15 94 13 95 11 96 9 97 7 98 5 99 3 100 10886
0 2 4 6 8 10 12 14 16 18 20 22 24 26 28 30 32 34 36 38 40 42 44 46 48 50 52 54 56 58 60 62 64 66 67 68 65 69 63 70 61 71 59 72 57 73 55 74 53 75 51 76 49 77 47 78 45 79 43 80 41 81 39 82 37 83 35 84 33 85 31 86 29 87 27 88 25 89 23 90 21 91 19 92 17 93 15 94 13 95 11 96 9 97 7 98 5 99 3 100 10928
0 2 4 6 8 10 12 14 16 18 20 22 24 26 28 30 32 34 36 38 40 42 44 46 48 50 52 54 56 58 60 62 64 66 67 68 65 69 63 70 61 71 59 72 57 73 55 74 53 75 51 76 49 77 47 78 45 79 43 80 41 81 39 82 37 83 35 84 33 85 31 86 29 87 27 88 25 89 23 90 21 91 19 92 17 93 15 94 13 95 11 96 9 97 7 98 5 99 3 100 11621
0 2 4 6 8 10 12 14 16 18 20 22 24 26 28 30 32 34 36 38 40 42 44 46 48 50 52 54 56 58 60 62 64 66 67 68 65 69 63 70 61 71 59 72 57 73 55 74 53 75 51 76 49 77 47 78 45 79 43 80 41 81 39 82 37 83 35 84 33 85 31 86 29 87 27 88 25 89 23 90 21 91 19 92 17 93 15 94 13 95 11 96 9 97 7 98 5 99 3 100 10822
0 2 4 6 8 10 12 14 16 18 20 22 24 26 28 30 32 34 36 38 40 42 44 46 48 50 52 54 56 58 60 62 64 66 67 68 65 69 63 70 61 71 59 72 57 73 55 74 53 75 51 76 49 77 47 78 45 79 43 80 41 81 39 82 37 83 35 84 33 85 31 86 29 87 27 88 25 89 23 90 21 91 19 92 17 93 15 94 13 95 11 96 9 97 7 98 5 99 3 100 10822
0 2 4 6 8 10 12 14 16 18 20 22 24 26 28 30 32 34 36 38 40 42 44 46 48 50 52 54 56 58 60 62 64 66 67 68 65 69 63 70 61 71 59 72 57 73 55 74 53 75 51 76 49 77 47 78 45 79 43 80 41 81 39 82 37 83 35 84 33 85 31 86 29 87 27 88 25 89 23 90 21 91 19 92 17 93 15 94 13 95 11 96 9 97 7 98 5 99 3 100 11990
0 2 4 6 8 10 12 14 16 18 20 22 24 26 28 30 32 34 36 38 40 42 44 46 48 50 52 54 56 58 60 62 64 66 67 68 65 69 63 70 61 71 59 72 57 73 55 74 53 75 51 76 49 77 47 78 45 79 43 80 41 81 39 82 37 83 35 84 33 85 31 86 29 87 27 88 25 89 23 90 21 91 19 92 17 93 15 94 13 95 11 96 9 97 7 98 5 99 3 100 10743
0 2 4 6 8 10 12 14 16 18 20 22 24 26 28 30 32 34 36 38 40 42 44 46 48 50 52 54 56 58 60 62 64 66 67 68 65 69 63 70 61 71 59 72 57 73 55 74 53 75 51 76 49 77 47 78 45 79 43 80 41 81 39 82 37 83 35 84 33 85 31 86 29 87 27 88 25 89 23 90 21 91 19 92 17 93 15 94 13 95 11 96 9 97 7 98 5 99 3 100 10884
0 2 4 6 8 10 12 14 16 18 20 22 24 26 28 30 32 34 36 38 40 42 44 46 48 50 52 54 56 58 60 62 64 66 67 68 65 69 63 70 61 71 59 72 57 73 55 74 53 75 51 76 49 77 47 78 45 79 43 80 41 81 39 82 37 83 35 84 33 85 31 86 29 87 27 88 25 89 23 90 21 91 19 92 17 93 15 94 13 95 11 96 9 97 7 98 5 99 3 100 10605
0 2 4 6 8 10 12 14 16 18 20 22 24 26 28 30 32 34 36 38 40 42 44 46 48 50 52 54 56 58 60 62 64 66 67 68 65 69 63 70 61 71 59 72 57 73 55 74 53 75 51 76 49 77 47 78 45 79 43 80 41 81 39 82 37 83 35 84 33 85 31 86 29 87 27 88 25 89 23 90 21 91 19 92 17 93 15 94 13 95 11 96 9 97 7 98 5 99 3 100 10861
0 2 4 6 8 10 12 14 16 18 20 22 24 26 28 30 32 34 36 38 40 42 44 46 48 50 52 54 56 58 60 62 64 66 67 68 65 69 63 70 61 71 59 72 57 73 55 74 53 75 51 76 49 77 47 78 45 79 43 80 41 81 39 82 37 83 35 84 33 85 31 86 29 87 27 88 25 89 23 90 21 91 19 92 17 93 15 94 13 95 11 96 9 97 7 98 5 99 3 100 10691
0 2 4 6 8 10 12 14 16 18 20 22 24 26 28 30 32 34 36 38 40 42 44 46 48 50 52 54 56 58 60 62 64 66 67 68 65 69 63 70 61 71 59 72 57 73 55 74 53 75 51 76 49 77 47 78 45 79 43 80 41 81 39 82 37 83 35 84 33 85 31 86 29 87 27 88 25 89 23 90 21 91 19 92 17 93 15 94 13 95 11 96 9 97 7 98 5 99 3 100 10886
0 2 4 6 8 10 12 14 16 18 20 22 24 26 28 30 32 34 36 38 40 42 44 46 48 50 52 54 56 58 60 62 64 66 67 68 65 69 63 70 61 71 59 72 57 73 55 74 53 75 51 76 49 77 47 78 45 79 43 80 41 81 39 82 37 83 35 84 33 85 31 86 29 87 27 88 25 89 23 90 21 91 19 92 17 93 15 94 13 95 11 96 9 97 7 98 5 99 3 100 10684
0 2 4 6 8 10 12 14 16 18 20 22 24 26 28 30 32 34 36 38 40 42 44 46 48 50 52 54 56 58 60 62 64 66 67 68 65 69 63 70 61 71 59 72 57 73 55 74 53 75 51 76 49 77 47 78 45 79 43 80 41 81 39 82 37 83 35 84 33 85 31 86 29 87 27 88 25 89 23 90 21 91 19 92 17 93 15 94 13 95 11 96 9 97 7 98 5 99 3 100 10919
0 2 4 6 8 10 12 14 16 18 20 22 24 26 28 30 32 34 36 38 40 42 44 46 48 50 52 54 56 58 60 62 64 66 67 68 65 69 63 70 61 71 59 72 57 73 55 74 53 75 51 76 49 77 47 78 45 79 43 80 41 81 39 82 37 83 35 84 33 85 31 86 29 87 27 88 25 89 23 90 21 91 19 92 17 93 15 94 13 95 11 96 9 97 7 98 5 99 3 100 11104
0 2 4 6 8 10 12 14 16 18 20 22 24 26 28 30 32 34 36 38 40 42 44 46 48 50 52 54 56 58 60 62 64 66 67 68 65 69 63 70 61 71 59 72 57 73 55 74 53 75 51 76 49 77 47 78 45 79 43 80 41 81 39 82 37 83 35 84 33 85 31 86 29 87 27 88 25 89 23 90 21 91 19 92 17 93 15 94 13 95 11 96 9 97 7 98 5 99 3 100 15059
0 2 4 6 8 10 12 14 16 18 20 22 24 26 28 30 32 34 36 38 40 42 44 46 48 50 52 54 56 58 60 62 64 66 67 68 65 69 63 70 61 71 59 72 57 73 55 74 53 75 51 76 49 77 47 78 45 79 43 80 41 81 39 82 37 83 35 84 33 85 31 86 29 87 27 88 25 89 23 90 21 91 19 92 17 93 15 94 13 95 11 96 9 97 7 98 5 99 3 100 10872
0 2 4 6 8 10 12 14 16 18 20 22 24 26 28 30 32 34 36 38 40 42 44 46 48 50 52 54 56 58 60 62 64 66 67 68 65 69 63 70 61 71 59 72 57 73 55 74 53 75 51 76 49 77 47 78 45 79 43 80 41 81 39 82 37 83 35 84 33 85 31 86 29 87 27 88 25 89 23 90 21 91 19 92 17 93 15 94 13 95 11 96 9 97 7 98 5 99 3 100 