389975
380403
323028
318521
318778
318696
316962
329973
318059
317425
318213
316906
317000
317644
317344
326729
318321
317988
318543
318190
318412
350270
349520
317933
317965
319986
316835
324370
316912
318019
317702
315918
315568
317815
319307
318141
316748
315960
317231
329461
351225
318321
318966
316542
340222
316861
322358
317601
317524
324663
318148
318795
361049
317794
319239
314297
317897
317406
316853
318100
316986
318686
317157
318066
318184
356113
320850
317506
315791
326334
337773
336706
347047
325250
316499
317894
320865
316399
319204
318478
378143
317834
319001
317230
313917
318483
316565
334707
317735
316953
317422
317372
316089
318480
318776
317258
320620
316902
316631
323981
