94153
86068
85893
86202
86036
86069
86075
85360
84297
86055
86575
85633
92964
85041
85617
86594
85877
85902
85851
85497
86772
85613
86138
88180
86143
87557
94634
86233
122974
86195
91106
86267
86132
100709
94732
94241
94612
95019
94104
94823
94278
94721
86142
90894
86577
86102
85549
88616
93273
93596
93995
102648
94618
111699
85819
89944
85808
86709
85909
93300
85397
94685
94532
85385
94454
89454
85562
86163
94436
86048
86706
85672
86673
85699
94721
95396
94409
94570
95611
94372
94543
94205
94833
95115
93625
95070
94185
95104
94127
94962
85972
85559
86923
85837
85662
94103
94454
113591
93792
94578
