25278
24668
25072
24651
24669
24729
24953
25248
24846
24778
24416
24667
25010
24994
25806
24791
24823
24896
24991
25082
25033
24895
24961
25197
24937
24643
24714
25183
24353
25276
25061
25158
24713
24728
24829
24718
24743
25152
24502
24746
25026
24770
24883
24574
24579
24961
24797
24974
24930
24750
24726
24592
24822
24605
24777
25011
25269
24989
24902
25102
24822
25035
25007
25127
24871
24777
24773
24620
24773
24853
24896
24854
24849
24885
25162
25081
24704
24891
24887
25015
24701
24945
24832
24991
24983
24724
24748
24959
24843
24714
24731
25044
27483
24818
24718
25031
24664
24675
24620
24866
