183720
182934
182574
182733
183722
192881
182504
190015
183288
191089
183235
183152
184813
182576
182579
183094
183077
182822
181488
184663
183218
180470
201223
204866
185686
190691
183790
185986
185616
201603
182530
183265
182722
183074
189673
183040
183409
183023
200569
200523
201922
199136
204897
183691
201345
201148
199234
201491
183117
200909
190508
183447
183123
199272
195716
182746
183404
182640
182113
181377
182809
182642
185103
183073
183575
182928
232898
182793
182875
182412
182822
182499
182485
183045
243168
183303
196972
218591
183964
184371
183172
182473
183446
183590
183191
186355
183020
189138
191441
183401
182725
182612
184397
182860
181711
182597
182962
182921
185040
189732
