250599
258620
251594
252520
249254
249684
251252
252742
251474
250195
249441
251387
251494
251438
250587
251192
253828
250310
250990
250573
251312
250594
248673
249266
250800
250394
251620
252081
251043
250361
250420
251164
263667
250582
254011
251520
268796
250930
250943
250793
251626
271463
251171
251736
251553
249627
257136
250735
253309
251210
252518
251449
252126
252244
250949
264323
250591
253523
251973
284000
248956
251729
251590
250740
253475
251581
250216
251064
250595
250964
251660
248780
250448
251119
257595
250414
251253
249971
258530
250267
251332
251287
251943
252953
252796
251855
248834
250869
251082
249009
251442
252114
251403
280634
251548
250468
251869
251734
250303
250608
