5878
6932
6605
5879
5787
5694
5849
7847
6307
6327
5904
6330
5834
6339
6773
6597
6548
6473
6571
6411
6484
6360
6307
6662
6601
6475
6672
6458
6412
6773
6318
6364
6483
6466
6443
6409
6776
6422
6447
6446
6388
6325
6522
6345
6257
6379
6378
6244
6647
6423
6440
6391
6209
6418
7445
6404
6452
6599
6315
6417
6450
6507
6409
6605
6385
6386
6299
6367
6415
6224
6408
6363
6393
6405
6438
6377
6387
6472
6346
6476
6382
6507
6312
6405
6324
6210
6422
6459
6480
6449
6367
6583
6579
6465
6503
6438
6332
6456
6424
6598
