400752
403954
401165
398299
402269
401117
401407
399988
400265
460168
397836
401387
400609
410928
403944
401308
403204
396686
399856
402845
401950
401359
402008
402691
403957
398337
399126
401952
419616
407280
398745
401060
399820
405201
401719
401022
400846
401046
431042
402047
408638
401491
400992
443837
400383
402825
401777
402305
403051
400987
400472
405040
399906
401181
399691
406341
455762
401072
398300
400508
401820
400128
409925
411113
410797
409606
448217
401395
403475
401929
411308
411826
411181
401513
400258
404040
402851
400899
404370
411135
403846
404856
412179
405933
402272
404634
412380
405506
405684
453067
402825
404393
402838
403448
406404
404729
406163
405917
437077
406998
