146298
133814
132765
132489
132416
146126
146310
146129
146109
163588
146210
146170
145870
146017
146418
145748
145635
150300
146157
145806
148290
145733
146465
146327
145697
146198
146523
133127
144984
146102
144902
145468
132839
131031
133118
132951
134095
144008
133495
132872
131649
132149
131539
132883
133527
132709
157044
132055
133133
180153
133073
132208
132725
133376
132532
147489
132743
168864
138472
135096
132796
133031
132338
146027
145165
147472
146162
147379
145299
147106
145254
145185
145898
145711
146267
146698
145573
158450
145619
146475
145063
146357
132563
146458
140818
134743
133298
132686
133025
131695
132342
133169
132161
132206
132284
132401
132834
132658
132728
131861
