55732
56091
55911
56476
56071
55568
55625
55592
55715
55587
73728
55513
55923
56214
56069
56156
56508
56270
56297
55955
55888
55642
55335
62105
56092
55908
55829
56106
55615
56010
56260
55430
56591
55879
60107
55642
55884
55924
56416
55752
55973
55776
55900
55971
56315
63050
55859
55937
55878
55887
55412
55821
56596
56134
56119
55709
56422
55939
56066
56425
56362
54970
55507
56635
56185
56466
56059
55666
55830
55699
56170
55574
55730
55889
55776
56705
55515
55968
56013
55762
55434
55332
56254
55250
55749
55519
55678
86816
55796
55604
56069
56416
56341
56282
55968
55932
55901
55900
56126
56198
