834641
859726
875024
850887
939381
947822
934963
929129
940818
895092
894413
964347
926038
918874
987020
897165
847459
914016
5276929
913665
979347
916306
952471
1105379
999534
943639
10004811
991513
858220
841511
816597
813799
840333
795193
815299
959668
846780
931232
970747
875906
829341
826002
1011911
836080
811855
766597
853434
853667
806672
830143
784086
872410
811287
822120
769192
830707
818897
1056475
823572
829894
831436
817090
823232
828564
868212
823550
827965
858170
765300
888294
792109
787584
788055
774358
723189
767061
742214
758958
740844
740168
890412
764280
886176
821330
748159
758262
739365
789572
741182
754614
783444
761065
760872
743292
767908
849439
765498
835057
740631
754342
