336092
336361
340108
357245
339031
343415
390233
346353
342678
338734
365278
335754
341612
335669
343625
345294
336254
340050
338607
360889
369749
338922
338581
342712
335848
336664
572499
343996
341677
340695
414571
343105
345657
336496
341745
340314
338442
340617
338608
337258
336831
343658
336276
357130
341095
353571
377937
335103
343021
340740
336043
336762
346423
343770
336925
342933
367397
337691
337124
337477
375142
343013
353117
345851
343395
338351
451702
359861
385333
341384
336557
336953
353275
346344
372978
342996
339356
344772
343738
490800
369172
396505
394498
368149
375435
380699
405380
419147
382590
370106
528667
417863
373582
425313
395537
387258
434066
370097
336447
375748
