257169
258439
256728
265158
259201
335813
258375
263922
234372
237197
235381
234577
250199
257083
250608
234846
241881
235554
240368
254820
258497
263785
258245
262831
233601
251359
235118
244048
240433
238839
238817
258804
359683
291498
259301
257825
258568
280652
260169
243757
250367
246006
243401
387515
331422
235402
264228
270129
240134
238528
244640
234473
246692
240112
240529
261521
235431
234489
365610
240262
267676
235327
240598
240614
255192
236413
264337
263931
258104
240124
260888
325868
258056
239870
231039
240492
234877
240532
240296
257552
257618
234946
235445
235417
235977
237458
239738
235218
234980
254888
250918
264004
236183
233977
249537
240018
263891
267536
264114
240235
