12139
12257
12188
12255
12203
12153
12058
12109
12056
14140
13410
13336
13447
13476
13469
13507
13652
13314
13500
13531
13385
13323
13356
13122
13541
13125
13469
13252
13871
13529
13310
13168
13191
13209
13350
13171
13390
13251
13369
13697
13026
13307
13265
13395
13473
12978
13290
13273
13343
13222
13160
13148
13340
13543
13162
13356
14352
13360
13391
13668
13112
13233
13030
13312
13608
13414
13373
13137
13755
12848
13069
13330
13397
13283
13107
13172
12929
13644
13279
13369
13145
13159
13384
13221
13412
13419
13359
13446
13358
13394
13213
13394
13501
13955
13383
13276
13122
13214
12743
13364
