46171
46208
46718
48820
46277
46198
46944
46102
46582
46654
45994
46636
46119
46335
46426
45821
46569
47112
46940
46117
46153
46683
46225
46031
46716
46396
46059
47013
45985
46318
46726
46826
46321
45310
46339
46396
46132
46717
46095
47965
46175
46330
46097
46566
46887
52134
45900
46050
46280
46659
46803
46608
46559
45924
46654
46582
45800
46526
46281
46295
46344
45796
46330
46368
47999
66004
47025
46786
46728
46383
46757
46876
47957
46276
54121
46603
46601
46426
46225
46120
46983
46897
46175
45795
46677
45848
46837
46427
46742
46086
46014
48887
46250
46301
45895
46341
46670
46707
46855
93046
