593734
618804
612279
633390
616240
601112
600342
600391
588577
594992
588139
599507
597558
598977
601861
719443
632403
600131
608782
637443
599398
588043
600949
601397
642253
644836
587998
587927
589141
587185
696512
695414
586585
662006
624684
621547
604823
589578
612408
587862
586195
589367
601214
635556
600902
601531
682911
638326
606428
601953
636855
588900
595957
606541
588744
594334
641165
618606
599092
597171
599535
672932
613314
587547
685740
618434
623381
654078
765118
742856
664346
677840
869826
719012
645746
718536
688097
1001678
668634
709284
761588
733614
728506
738693
622949
640914
663629
653612
663841
711627
628698
646930
636806
738329
679739
599225
600593
853208
669398
662512
