156640
156331
153974
169321
169264
157202
169953
172646
170860
157928
174581
169215
171214
194030
158829
158223
153194
178877
154983
158789
157471
157915
153519
152930
153642
156455
173378
158908
159128
157928
229078
157018
158162
175142
157150
154910
161163
161552
154540
157995
173375
169640
173341
172896
174737
173204
173280
173869
173774
173483
169963
169576
173183
169769
206988
173284
170005
168488
173007
173107
171105
168188
173943
173379
168071
168118
171371
176404
185701
169358
173677
156068
245432
153705
173151
169612
169187
169200
173082
169131
173105
168731
173277
169310
188558
154106
165761
153362
165174
189463
169664
171325
168576
186690
154530
161501
168675
169757
171089
170177
