474323
459954
478172
509984
478480
536941
472579
454469
460398
451859
471331
468700
464820
472514
468396
533402
494340
465638
459647
459616
458699
454224
452230
451554
457056
453194
542827
459101
454920
523832
510331
508673
452460
491942
462834
453827
453123
481978
459026
461008
452592
453100
462773
464328
461468
463586
454179
564402
502420
500288
463946
463292
453976
459306
477943
528441
458629
459954
459787
540232
634830
518027
512975
499976
508196
534573
499752
525139
508801
550156
504169
505727
499548
508537
592958
575949
498900
498079
504357
506506
519884
508404
498135
501523
507257
508977
498698
501511
505474
583157
507913
497134
527075
507850
460636
456666
498179
513099
499304
505354
