100524
98420
97516
98444
100596
100142
110338
102603
98559
101292
100720
106878
99581
103097
110819
98540
110298
99757
98095
114876
97725
98883
98015
100559
98525
106979
104802
120625
99843
99659
108007
119027
100845
100206
98987
99080
99538
99131
98711
98316
98274
89390
89635
96571
100693
98336
98175
98471
98432
100301
100552
100477
100357
98106
100712
99565
97996
98764
98097
99138
100510
98542
100589
94784
95727
91644
99646
224982
97634
99978
98759
100502
105504
100346
100915
100670
100672
100671
98860
99730
98198
117880
99451
99527
100720
102893
98511
104261
98927
100560
98708
98397
100692
101112
99383
101078
99503
98628
98295
100235
