100 2349.64 46.9928 3562 1889 50 distribution-50-100.txt
200 3632.56 72.6512 5691 3065 50 distribution-50-200.txt
300 7215.44 144.309 9043 10541 50 distribution-50-300.txt
400 7002.7 140.054 8821 13489 50 distribution-50-400.txt
500 8033.9 160.678 9028 10040 50 distribution-50-500.txt
600 9332.74 186.655 9992 10018 50 distribution-50-600.txt
700 11839.4 236.788 16426 10452 50 distribution-50-700.txt
800 12490.2 249.804 16798 11494 50 distribution-50-800.txt
900 12839.1 256.782 17124 12042 50 distribution-50-900.txt
1000 26626.3 532.526 41101 14849 50 distribution-50-1000.txt
